#color palettes for consistent colors across figures

ssp.temp <- c("#fcaa67", "#b0413e")

ssp.precip <- c("lightblue", "#0077b6")

colors6 <- c("#023047", "#219ebc", "#ffb703","#fb8500", "#e63946", "#457b9d") #appendix validation colors, methods colors

colors7 <- c("#023047", "#219ebc", "#ffb703","#fb8500", "#e63946", "#457b9d", "#b0413e")

colors5 <- c("#b0413e", "#ffb703","#fb8500", "#e63946", "#457b9d")

colors4 <- c("#ffb703","#fb8500", "#e63946", "#457b9d")
